1 r 10000 99507184
2 r 10000 99171775
3 r 10000 99039885
4 r 10000 99789912
5 r 10000 98939719
6 r 10000 98979822
7 r 10000 99633285
8 r 10000 99650571
9 r 10000 98955472
10 r 10000 99141083
11 r 10000 99591838
12 r 10000 99475298
13 r 10000 99129767
14 r 10000 99602740
15 r 10000 100041546
16 r 10000 99609008
17 r 10000 99064934
18 r 10000 99522368
19 r 10000 99378619
20 r 10000 99955630
21 r 10000 99434686
22 r 10000 98784606
23 r 10000 99680774
24 r 10000 99591371
25 r 10000 100052240
26 r 10000 98892408
27 r 10000 99277391
28 r 10000 100023779
29 r 10000 98754575
30 r 10000 99689395
31 r 10000 98687336
32 r 10000 99605575
33 r 10000 99639910
34 r 10000 99215041
35 r 10000 99316340
36 r 10000 99828727
37 r 10000 99195315
