1 p 100 140
2 p 100 140
3 p 100 140
4 p 100 140
5 p 100 140
6 p 100 140
7 p 100 140
8 p 100 140
9 p 100 140
10 p 100 140
11 p 100 140
12 p 100 140
13 p 100 140
14 p 100 140
15 p 100 140
16 p 100 140
17 p 100 140
18 p 100 140
19 p 100 140
20 p 100 140
21 p 100 140
22 p 100 140
23 p 100 140
24 p 100 140
25 p 100 140
26 p 100 140
27 p 100 140
28 p 100 140
29 p 100 140
30 p 100 140
31 p 100 140
32 p 100 140
33 p 100 140
34 p 100 140
35 p 100 140
36 p 100 140
37 p 100 140
38 p 100 140
39 p 100 140
40 p 100 140
41 p 100 140
42 p 100 140
43 p 100 140
44 p 100 140
45 p 100 140
46 p 100 140
47 p 100 140
48 p 100 140
49 p 100 140
50 p 100 140
51 p 100 140
52 p 100 140
53 p 100 140
54 p 100 140
55 p 100 140
56 p 100 140
57 p 100 140
58 p 100 140
59 p 100 140
60 p 100 140
61 p 100 140
62 p 100 140
63 p 100 140
64 p 100 140
65 p 100 140
66 p 100 140
67 p 100 140
68 p 100 140
69 p 100 140
70 p 100 140
71 p 100 140
72 p 100 140
73 p 100 140
74 p 100 140
75 p 100 140
76 p 100 140
77 p 100 140
78 p 100 140
79 p 100 140
80 p 100 140
81 p 100 140
82 p 100 140
83 p 100 140
84 p 100 140
85 p 100 140
86 p 100 140
87 p 100 140
88 p 100 140
89 p 100 140
90 p 100 140
91 p 100 140
92 p 100 140
93 p 100 140
94 p 100 140
95 p 100 140
96 p 100 140
97 p 100 140
98 p 100 140
99 p 100 140
100 p 100 140
