1 a 100 0
2 a 100 0
3 a 100 0
4 a 100 0
5 a 100 0
6 a 100 0
7 a 100 0
8 a 100 0
9 a 100 0
10 a 100 0
11 a 100 0
12 a 100 0
13 a 100 0
14 a 100 0
15 a 100 0
16 a 100 0
17 a 100 0
18 a 100 0
19 a 100 0
20 a 100 0
21 a 100 0
22 a 100 0
23 a 100 0
24 a 100 0
25 a 100 0
26 a 100 0
27 a 100 0
28 a 100 0
29 a 100 0
30 a 100 0
31 a 100 0
32 a 100 0
33 a 100 0
34 a 100 0
35 a 100 0
36 a 100 0
37 a 100 0
38 a 100 0
39 a 100 0
40 a 100 0
41 a 100 0
42 a 100 0
43 a 100 0
44 a 100 0
45 a 100 0
46 a 100 0
47 a 100 0
48 a 100 0
49 a 100 0
50 a 100 0
51 a 100 0
52 a 100 0
53 a 100 0
54 a 100 0
55 a 100 0
56 a 100 0
57 a 100 0
58 a 100 0
59 a 100 0
60 a 100 0
61 a 100 0
62 a 100 0
63 a 100 0
64 a 100 0
65 a 100 0
66 a 100 0
67 a 100 0
68 a 100 0
69 a 100 0
70 a 100 0
71 a 100 0
72 a 100 0
73 a 100 0
74 a 100 0
75 a 100 0
76 a 100 0
77 a 100 0
78 a 100 0
79 a 100 0
80 a 100 0
81 a 100 0
82 a 100 0
83 a 100 0
84 a 100 0
85 a 100 0
86 a 100 0
87 a 100 0
88 a 100 0
89 a 100 0
90 a 100 0
91 a 100 0
92 a 100 0
93 a 100 0
94 a 100 0
95 a 100 0
96 a 100 0
97 a 100 0
98 a 100 0
99 a 100 0
100 a 100 0
