1 r 100 211
2 r 100 235
3 r 100 233
4 r 100 220
5 r 100 226
6 r 100 215
7 r 100 217
8 r 100 219
9 r 100 252
10 r 100 239
11 r 100 261
12 r 100 240
13 r 100 235
14 r 100 225
15 r 100 236
16 r 100 217
17 r 100 216
18 r 100 216
19 r 100 209
20 r 100 230
21 r 100 224
22 r 100 247
23 r 100 225
24 r 100 223
25 r 100 239
26 r 100 255
27 r 100 239
28 r 100 259
29 r 100 253
30 r 100 233
31 r 100 236
32 r 100 244
33 r 100 214
34 r 100 251
35 r 100 266
36 r 100 225
37 r 100 243
38 r 100 227
39 r 100 254
40 r 100 202
41 r 100 229
42 r 100 253
43 r 100 230
44 r 100 241
45 r 100 231
46 r 100 224
47 r 100 268
48 r 100 237
49 r 100 243
50 r 100 253
51 r 100 238
52 r 100 240
53 r 100 218
54 r 100 249
55 r 100 238
56 r 100 258
57 r 100 204
58 r 100 245
59 r 100 218
60 r 100 221
61 r 100 229
62 r 100 230
63 r 100 219
64 r 100 239
65 r 100 242
66 r 100 268
67 r 100 227
68 r 100 221
69 r 100 247
70 r 100 233
71 r 100 256
72 r 100 235
73 r 100 232
74 r 100 243
75 r 100 223
76 r 100 250
77 r 100 206
78 r 100 248
79 r 100 233
80 r 100 255
81 r 100 252
82 r 100 265
83 r 100 225
84 r 100 255
85 r 100 219
86 r 100 234
87 r 100 197
88 r 100 251
89 r 100 277
90 r 100 236
91 r 100 252
92 r 100 215
93 r 100 228
94 r 100 256
95 r 100 223
96 r 100 241
97 r 100 249
98 r 100 222
99 r 100 252
100 r 100 241
