1 d 100 122
2 d 100 122
3 d 100 122
4 d 100 122
5 d 100 122
6 d 100 122
7 d 100 122
8 d 100 122
9 d 100 122
10 d 100 122
11 d 100 122
12 d 100 122
13 d 100 122
14 d 100 122
15 d 100 122
16 d 100 122
17 d 100 122
18 d 100 122
19 d 100 122
20 d 100 122
21 d 100 122
22 d 100 122
23 d 100 122
24 d 100 122
25 d 100 122
26 d 100 122
27 d 100 122
28 d 100 122
29 d 100 122
30 d 100 122
31 d 100 122
32 d 100 122
33 d 100 122
34 d 100 122
35 d 100 122
36 d 100 122
37 d 100 122
38 d 100 122
39 d 100 122
40 d 100 122
41 d 100 122
42 d 100 122
43 d 100 122
44 d 100 122
45 d 100 122
46 d 100 122
47 d 100 122
48 d 100 122
49 d 100 122
50 d 100 122
51 d 100 122
52 d 100 122
53 d 100 122
54 d 100 122
55 d 100 122
56 d 100 122
57 d 100 122
58 d 100 122
59 d 100 122
60 d 100 122
61 d 100 122
62 d 100 122
63 d 100 122
64 d 100 122
65 d 100 122
66 d 100 122
67 d 100 122
68 d 100 122
69 d 100 122
70 d 100 122
71 d 100 122
72 d 100 122
73 d 100 122
74 d 100 122
75 d 100 122
76 d 100 122
77 d 100 122
78 d 100 122
79 d 100 122
80 d 100 122
81 d 100 122
82 d 100 122
83 d 100 122
84 d 100 122
85 d 100 122
86 d 100 122
87 d 100 122
88 d 100 122
89 d 100 122
90 d 100 122
91 d 100 122
92 d 100 122
93 d 100 122
94 d 100 122
95 d 100 122
96 d 100 122
97 d 100 122
98 d 100 122
99 d 100 122
100 d 100 122
