1 r 10000 24771829
2 r 10000 24615613
3 r 10000 24535662
4 r 10000 24918638
5 r 10000 24495184
6 r 10000 24514565
7 r 10000 24834218
8 r 10000 24863625
9 r 10000 24498745
10 r 10000 24594436
11 r 10000 24812546
12 r 10000 24754276
13 r 10000 24579759
14 r 10000 24823522
15 r 10000 25043727
16 r 10000 24827458
17 r 10000 24554134
18 r 10000 24781122
19 r 10000 24713311
20 r 10000 24992789
21 r 10000 24737281
22 r 10000 24408866
23 r 10000 24861304
24 r 10000 24819687
25 r 10000 25046764
26 r 10000 24466403
27 r 10000 24663130
28 r 10000 25029184
29 r 10000 24414514
30 r 10000 24862784
31 r 10000 24360825
32 r 10000 24821254
33 r 10000 24836518
34 r 10000 24624212
35 r 10000 24695083
36 r 10000 24930863
37 r 10000 24613847
