1 r 10000 182583
2 r 10000 191214
3 r 10000 182682
4 r 10000 185923
5 r 10000 186700
6 r 10000 186888
7 r 10000 177238
8 r 10000 183619
9 r 10000 183768
10 r 10000 195595
11 r 10000 184008
12 r 10000 182272
13 r 10000 188897
14 r 10000 186867
15 r 10000 183394
16 r 10000 183740
17 r 10000 180377
18 r 10000 193890
19 r 10000 184893
20 r 10000 181856
21 r 10000 181812
22 r 10000 184070
23 r 10000 183000
24 r 10000 185135
25 r 10000 181674
26 r 10000 189632
27 r 10000 179526
28 r 10000 182582
29 r 10000 184006
30 r 10000 186940
31 r 10000 184768
32 r 10000 181629
33 r 10000 188564
34 r 10000 194426
35 r 10000 182274
36 r 10000 182727
37 r 10000 178299
