1 r 10000 204752
2 r 10000 219168
3 r 10000 213882
4 r 10000 212524
5 r 10000 214492
6 r 10000 211597
7 r 10000 219004
8 r 10000 221230
9 r 10000 208591
10 r 10000 214681
11 r 10000 214294
12 r 10000 210191
13 r 10000 216920
14 r 10000 209486
15 r 10000 210550
16 r 10000 214905
17 r 10000 228763
18 r 10000 213495
19 r 10000 215569
20 r 10000 211816
21 r 10000 208657
22 r 10000 226779
23 r 10000 212117
24 r 10000 212439
25 r 10000 214935
26 r 10000 212547
27 r 10000 210537
28 r 10000 206575
29 r 10000 215151
30 r 10000 225496
31 r 10000 207726
32 r 10000 216805
33 r 10000 209555
34 r 10000 213701
35 r 10000 230718
36 r 10000 206089
37 r 10000 213774
